9808
4194
7407
732
487
5486
9875
6090
7539
2430
9559
1663
4397
5014
7552
2480
7175
9548
6893
3116
5573
1354
912
1187
8186
9299
1852
1765
2896
9753
8366
9404
9820
5727
3089
1437
5505
1099
8061
1547
8004
1854
7264
2204
3664
9142
8319
2192
8651
6084
4303
5039
3272
2682
8351
4595
3823
2919
9080
790
4922
7142
3048
1820
6001
3091
4875
4100
9368
8784
7420
7915
6903
328
6010
5666
8171
1714
6814
626
4411
3511
1196
3725
6733
6439
616
1206
650
1641
9899
4499
7599
4450
1286
1490
6037
8648
3878
5274
2308
1127
4553
8051
1092
9316
6208
2409
564
208
2181
1309
5902
6751
1007
8764
906
7033
2051
5108
4595
2033
8957
1605
839
4596
6352
1252
6834
4340
1386
7590
1229
7750
9851
7274
1107
1561
3976
6103
3557
1912
7355
9161
5486
3074
2877
7526
3577
6536
3559
4550
6338
1318
8309
2434
5690
3701
2540
876
4511
5536
558
1456
331
1478
1963
2297
2236
3232
4538
2662
996
84
7993
8799
274
4873
2289
6227
5361
1291
9837
4707
239
9073
4652
2325
496
6621
709
7057
1636
4420
4731
7824
1110
2175
561
2295
3447
81
3295
5150
8491
1179
9078
1765
3826
2428
9361
8857
9705
9148
5532
5988
9874
2762
6553
8227
9201
2484
1665
6188
2761
1064
1880
3727
8967
137
9108
2300
156
8516
3055
3333
2785
1460
3851
6534
8918
8370
9925
9954
123
1153
4621
4656
8035
2201
5525
9334
5814
6386
1080
1588
6118
3428
1854
6740
3828
5468
9325
880
2531
1761
5729
4133
6221
392
6575
8503
2006
7685
8918
133
4030
5395
2104
2207
6730
6790
2184
917
5477
4926
4579
7969
1923
6287
212
7751
9526
1471
3955
2460
4421
928
3406
3941
5673
1711
2539
2
1530
475
5916
7787
3370
3162
8468
1529
1648
2120
89
4328
631
674
1578
8043
2376
7842
3315
8193
1654
187
9535
1159
8888
7784
5581
7998
1916
9584
5286
3054
7914
7501
3438
155
5687
2781
761
743
5995
601
1904
8696
9317
6004
8052
379
5053
5877
1539
2809
6938
7929
8088
8025
982
8146
6391
2087
254
7989
2153
3843
5262
6339
341
9485
1357
8550
7056
6592
3893
6991
471
3692
9637
8189
9930
1544
3354
3296
3291
6887
4940
6974
5431
1035
6661
1254
4612
8072
7127
9636
1500
8250
9662
5221
1192
4105
3588
7963
8145
8284
8676
9475
6035
5068
5297
7076
2468
3963
3288
8123
8227
1796
2514
1109
3940
628
6639
5932
6427
2825
3504
7670
2710
3546
8115
4730
9664
2888
3956
1093
4148
9188
5666
284
7951
1889
8368
5715
1945
5290
1149
733
9572
3911
7654
2853
5942
8636
842
8892
2660
9299
4255
7811
656
5004
5139
7804
6837
785
1333
5676
6207
2367
3861
612
8512
8226
8217
8656
2897
111
6914
4927
6262
1224
8415
8997
3093
3820
112
9197
1544
3757
6013
6211
2305
3750
8936
8033
1198
525
2960
9256
957
7813
7015
161
1889
9767
7046
9188
885
4402
7008
8553
9104
6736
5685
6766
5307
7403
2808
1033
8719
240
2082
525
7346
6146
9688
5826
5875
914
6139
9808
8820
2446
9791
2060
2424
4440
5422
2103
9725
6601
7069
115
779
6758
5951
3192
3517
9233
969
6470
8928
4402
4759
9915
6490
2712
8493
2247
4173
3002
3775
2350
1244
4579
1605
7325
3565
4558
3977
8161
9792
2078
4723
7701
9679
3682
5767
5739
6918
4391
5853
4397
9860
1373
3010
5043
1474
8126
3965
711
5732
4989
8837
7864
702
524
8321
1020
8938
1904
8943
2394
2487
361
4041
2822
531
7676
7284
8910
1260
2115
7931
9893
1075
7897
333
9774
594
9534
5634
2524
8671
7313
9891
6071
3458
5215
9482
7169
2340
7111
6616
5801
1929
672
5542
3808
5471
2221
8254
3178
551
8576
1355
2088
2307
8492
8590
2244
4865
8239
547
8572
4679
6496
1107
962
8495
6054
2155
8307
1141
4122
8892
887
1567
9165
8964
6873
2348
4108
3726
7752
7056
9635
5029
764
7935
992
9711
2092
4632
2474
1128
4864
8388
6834
6715
2499
4126
1832
4313
5931
3957
7425
499
1660
3104
6151
6026
586
9810
3442
9882
6110
9599
2550
4305
5290
4205
6541
1222
4928
2958
2934
88
832
1837
8701
6549
9376
4150
6573
8685
8354
5740
2052
1765
864
2037
4407
4896
4171
4984
8101
203
7700
9723
4272
984
8458
4774
6825
717
7862
2236
8939
6589
7187
8938
5787
3272
1795
8928
2926
6143
9005
8849
3580
3083
4443
3814
868
7422
3667
4103
2048
3769
3476
8300
6985
1616
9876
6241
9614
9691
3975
7577
2274
702
8067
1012
9555
2380
4226
1540
6002
615
6439
284
6432
443
5380
1514
9398
204
5772
807
2552
5261
356
1692
5962
8130
7040
8775
4915
5864
3387
7886
8881
7251
2726
1251
7550
2201
1573
4393
7842
8638
9863
7222
2808
5438
8165
5402
789
6290
6764
8911
1895
9421
9534
2816
4474
5511
9797
1023
9889
6396
9418
8626
9938
7509
7237
1326
7859
3895
3014
8151
4644
9802
2532
1479
8221
6957
484
2301
2762
7944
3580
8567
3972
3827
936
83
9953
9653
5884
7970
8399
2975
6891
7982
2477
4730
3864
942
1882
9758
9227
1736
5074
1844
3895
6742
8726
2255
1530
60
5500
1110
2740
8408
7687
1653
459
155
1224
5669
8157
4775
8693
5657
2136
698
5993
8619
1687
1050
8795
3846
9630
5089
9188
4485
7448
6876
3691
8651
1998
7550
7812
9253
8651
634
5257
4445
8270
1792
7878
7888
6288
4007
1259
1794
7447
7005
9678
2560
2137
1707
6623
1351
9605
1949
6736
6660
7343
384
5797
1835
1322
1900
3736
3979
8075
388
7745
5505
3275
6475
9827
7085
6141
2874
970
4338
2161
3696
6884
1922
72
7609
1165
297
8809
7073
4400
6520
83
5947
8267
7557
7668
4029
5938
1649
2890
223
8455
2043
3112
6708
7752
